# oST version 5.0 parameters


[image]

width
640

height
480

[narrow_stereo]

camera matrix
878.004812 0.000000 361.263639
0.000000 879.312340 225.182512
0.000000 0.000000 1.000000

distortion
-0.249238 0.181124 0.004242 0.000612 0.000000

rectification
1.000000 0.000000 0.000000
0.000000 1.000000 0.000000
0.000000 0.000000 1.000000

projection
847.552307 0.000000 363.414934 0.000000
0.000000 861.406433 225.082444 0.000000
0.000000 0.000000 1.000000 0.000000
